acc = 0.7
acc_and_f1 = 0.6357142857142857
f1 = 0.5714285714285715
macro_f1 = 0.6703296703296704
